1 1 [0. 0.]
1 2 [2788.0898 5576.1797]
1 3 [1963859.2 3927718.8]
1 4 [10868415. 21736830.]
1 5 [ 8487498. 16974996.]
2 1 [2788.0898 5576.1797]
2 2 [0. 0.]
2 3 [1841513.6 3683027.2]
2 4 [10523072. 21046142.]
2 5 [ 8193119. 16386239.]
3 1 [1963859.2 3927718.8]
3 2 [1841513.6 3683027.2]
3 3 [0. 0.]
3 4 [4965267.5 9930535. ]
3 5 [2653780.5 5307561. ]
4 1 [10868415. 21736830.]
4 2 [10523072. 21046142.]
4 3 [4965267.5 9930535. ]
4 4 [0. 0.]
4 5 [ 748169.5 1496339.1]
5 1 [ 8487498. 16974996.]
5 2 [ 8193119. 16386239.]
5 3 [2653780.5 5307561. ]
5 4 [ 748169.5 1496339.1]
5 5 [0. 0.]


1 1 [0. 0.]
1 2 [0.7137789 1.427558 ]
1 3 [ 9950.5625 19901.125 ]
1 4 [40777.4 81554.8]
1 5 [38219.43 76438.87]
2 1 [0.7137789 1.427558 ]
2 2 [0. 0.]
2 3 [ 9945.349 19890.695]
2 4 [40802.758 81605.51 ]
2 5 [38202.918 76405.83 ]
3 1 [ 9950.5625 19901.125 ]
3 2 [ 9945.349 19890.695]
3 3 [0. 0.]
3 4 [10673.564 21347.129]
3 5 [ 9172.797 18345.594]
4 1 [40777.4 81554.8]
4 2 [40802.758 81605.51 ]
4 3 [10673.564 21347.129]
4 4 [0. 0.]
4 5 [ 652.10046 1304.201  ]
5 1 [38219.43 76438.87]
5 2 [38202.918 76405.83 ]
5 3 [ 9172.797 18345.594]
5 4 [ 652.10046 1304.201  ]
5 5 [0. 0.]
